intrinsic:
927.061223814791 0.0 960.0 
0.0 916.7380844360882 540.0 
0.0 0.0 1.0 
distortion:
0 0 0 0 0
